140 0 0
-6.525140898781793 7.750298130215105
-6.5508492044664814 8.794578940252963
-6.601731319167073 9.761339119564214
-6.856141892670036 10.829863528276652
-7.161434580873588 11.643977363486128
-7.619373613178915 12.610737542797372
-8.179076874885432 13.47573349270744
-8.586133792490166 14.595140016120473
-8.994145302429569 15.9537067069351
-9.400247627699642 16.681306718844752
-10.010833004106747 17.648066898156003
-10.466419316357324 19.34811623904629
-9.975661311714738 19.78434557650636
-9.216508437889384 19.65977933533261
-8.062596069674896 18.688063656836206
-6.847951471554382 17.32158848395065
-5.511842413621815 15.742550506393988
-4.115001125783221 13.708020804542135
-3.6595094014880276 12.46301009146862
-3.1129193323337967 10.85360599895895
-2.9610887575687324 8.849442412060112
-2.32340034355546 8.849442412060112
-1.7910477737690664 10.111527044029211
-1.0298024001708628 11.535503684054083
1.4126797750662776 15.147079425269245
2.353520868137143 15.968957113036458
3.930866423855502 17.088363636449486
5.259593483018119 17.649134607978695
6.606306985536659 18.35990006764125
7.9156117796519085 18.92103069369064
9.990182312239387 19.03535905282719
10.596423449633068 18.46218073336547
10.82935210394859 17.801285829725416
10.08760230262715 15.968957113036458
8.776012072927646 13.234907016390173
7.6207617238839775 11.367650759954886
6.864340107799198 10.224502649081233
6.037034465511365 9.462510610131924
4.034083963130303 7.894984130007623
2.8114599004424683 6.6066480081274985
1.7698790473951904 5.369524800918475
2.793125499698558 3.192404689634726
3.0979223152782858 2.5174974551367644
5.457329864873262 2.0272576850742023
7.479856280758431 0.27268683697480434
10.120268988181937 -2.492469777886031
11.305336108836588 -4.488372296883323
11.919358431848469 -6.877112387529429
11.641877700249015 -11.466168697286589
11.423068769621242 -12.890220154071043
11.026885000943164 -14.406053703795871
10.079489032365142 -14.629983660005221
8.994290013812144 -14.578307516264601
7.641877700249016 -14.466168697286589
7.289085994094582 -15.272661313127141
6.300523614440056 -15.403019592214068
4.842973133315734 -15.456801959855124
3.5855203022939968 -15.31899890988014
2.5027309668034867 -14.987202878969187
1.2275597128525293 -15.098087335834489
-0.08882063749128388 -15.272661313127141
-1.309991390305492 -15.272661313127141
-2.48028002841911 -15.22177919842655
-3.3581222997509856 -14.466168697286589
-6.146256668690001 -14.377338366210031
-6.700678953016507 -13.712031625018225
-6.672957838800181 -13.019003769610093
-5.979929983392048 -12.270533685769307
-5.231459899551266 -11.577505830361174
-4.45157907163975 -10.937534208884713
-5.019340091576308 -10.295067791588083
-5.88592270095316 -7.501085930321336
-5.811217303593087 -6.485092526224337
-5.706629747288983 -4.512870035918398
-5.822801589692607 -2.9018568238768463
-6.37294495638069 -2.8344923299966727
-8.358122299750985 -2.466168697286589
-9.551922603437593 -0.32662438161281493
-8.897660387089449 1.6139668610737008
-8.531530836424686 3.239582066025241
-8.209336831839696 5.289907549747907
-7.257400000111313 6.915522754699451
-6.905915631473143 7.369523397523755
-7.608884368749486 6.432231747821964
-7.9310783733344765 6.036811833104023
-8.414369380211962 4.7333906327374695
-8.677982656690588 2.404806690509586
-9.454177304099886 0.7791914855580426
-9.635244260676536 0.20901484349466948
-8.472950108318322 4.059712259514308
-9.162039091200146 1.2357775728284022
-9.409085476742266 -0.7313295739162466
-9.301957631720768 -1.1479378601109556
-9.075798847786498 -1.5883523340882224
-8.766318406613284 -2.0049606202829313
-7.933101834223867 -2.6477276904119105
-7.183206919073391 -2.8619833804549035
-5.744209680165736 -3.3734082810380617
-5.744209680165736 -3.9123242320794525
-5.69168866781697 -5.513922360543383
-5.841099462537117 -8.517079334418336
-5.497454634680776 -9.473308420627275
-5.092854328469639 -14.488222823075334
-4.178057559330903 -14.460501708859008
-2.5425118205677117 -14.321896137777381
11.767576394558706 -10.271962204546343
11.974280969521178 -8.980058611030866
11.991427599741908 -7.79408584397259
11.641877700249015 -5.466168697286589
10.783201515207029 -3.3365312830847262
9.163899031162398 -1.5153091696269403
8.329562679652643 -0.5193903978185883
6.502695672499332 1.2082661427547858
4.012312762017469 2.408641449572576
2.031133460749243 4.825244773097536
2.2923878741032953 4.3462783486151135
2.48832868411883 3.8237695219070122
2.357701477441805 5.979118432077923
2.706040695247207 7.154763292171149
3.446261533083689 7.437788906638035
4.621906393176918 8.352179353377212
5.275042426562049 8.765832174521124
-0.35812229975098564 12.533831302713411
0.27650619339601423 13.718746922598063
10.571630076285711 16.900960439912836
9.726913357977669 15.004053190694753
9.299733990573746 14.170124726472485
8.289698863684837 12.299689306307856
8.963055614944114 19.18289165251369
-10.520947983539834 18.721036566447438
-10.316465481605423 18.216646395009235
-8.653341132538884 19.211794571090024
-7.590032122479947 18.066692560257323
-6.158654608939075 16.594418546329578
-4.645484094624437 14.685915194941762
-8.793798265581557 15.27282903498328
-2.8581222997509856 9.533831302713411
-2.937393748128721 10.326466914221646
-2.0865900952836656 9.52044240100002
-1.4775937964050998 10.747390826681828
-3.3224943488901646 11.822090177643995
